
2.9126145403559613
2.2236315942392118
1.9790958340575056
1.8337148020907146
1.7304740562671568
1.6534447858973247
1.5914858303418973
1.5392233322306377
1.49324727349165
1.4541518673664187
1.417236508392706
1.3854941667580023
1.3581487536430359
1.331550071879131
1.3072894549951322
1.284780188304622
1.264864404027055
1.2452563890596715
1.2295286023035281
1.210100102715376
1.19201270763467
1.1805657824365103
1.1642385888390425
1.1528923867679224
1.1400612810762918
1.1274631154246446
1.1157378161825784
1.104102868132475
1.0963748104688598
1.0848778522596128
1.0771111518871495
1.0683514003346606
1.057850396487771
1.048515681086517
1.0393482664736307
1.0328747891798251
1.026518530235058
1.0185972888295243
1.0133047939800635
1.0083185448879148
1.0001230457933938
0.9948767765266139
0.989989723374204
0.9827637672424316
0.9806890022463914
0.9713368539403124
0.9675311475265317
0.9657151669990726
0.9583533500752798
0.9562455139509062
0.9520966446981197
0.9504586494550472
0.9454002525748276
0.9413838451955376
0.936491756904416
0.9336560811938309
0.9308102472526271
0.9285813802626075
0.9253397089679066
0.9206450334409388
0.9186744232003282
0.9177937689350872
0.9109000563621521
0.9099835586257097
0.9065272582740318
0.9059225262665167
0.904352193198553
0.9009930026240465
0.8985267310607724
0.8968885410122756
0.89369304296447
0.8909427487268681
0.8898593180063294
0.8889426654431878
0.8869678741548119
0.882791791747256
0.8824153237226533
0.880991279352002
0.878421177951301
0.8790752698735493
0.8800993089268847
0.8772384364430498
0.8742752067926454
0.8715396552551083
0.8698471486568451
0.8717931181919284
0.8719942380742329
0.868322162366495
0.86757775196215
0.8668513588789033
0.8649916881468238
0.8659254043567471
0.8632487087714963