
4.915153980255127
4.683139801025391
4.251133918762207
3.6378695964813232
3.3882901668548584
3.207364797592163
3.232856273651123
3.1782915592193604
3.1573469638824463
3.1327428817749023
3.1655962467193604
3.1239840984344482
3.0818874835968018
3.026501417160034
3.068918466567993
3.0472445487976074
2.9878363609313965
3.0104663372039795
2.926527976989746
2.91650652885437
2.8972926139831543
2.950670003890991
2.8556723594665527
2.8975605964660645
2.813687801361084
2.7497124671936035
2.7560553550720215
2.7730016708374023
2.7672150135040283
2.761514902114868
2.70451283454895
2.737844467163086
2.6792612075805664
2.6837916374206543
2.6553478240966797
2.653557777404785
2.649327039718628
2.600329637527466
2.622983694076538
2.591188669204712
2.604248046875
2.587409019470215
2.6084635257720947
2.553149461746216
2.5676445960998535
2.6019856929779053
2.544363498687744
2.51467227935791
2.452694892883301
2.539813280105591
2.467884063720703
2.495967149734497
2.4517455101013184
2.479125499725342
2.439692974090576
2.4433884620666504
2.4257218837738037
2.4217607975006104
2.448338031768799
2.4346444606781006
2.427248239517212
2.3462393283843994
2.4036221504211426
2.3938522338867188
2.344761848449707
2.3659815788269043
2.32743763923645
2.3951821327209473
2.363321304321289
2.316664457321167
2.3336193561553955
2.3114635944366455
2.295659303665161
2.2967991828918457
2.2555484771728516
2.313894271850586
2.286547899246216
2.2955482006073
2.274958848953247
2.3051085472106934
2.2418806552886963
2.308422327041626
2.260786294937134
2.2792084217071533
2.2581398487091064
2.2177820205688477
2.2025413513183594
2.2076921463012695
2.174790620803833
2.1903510093688965
2.2419919967651367
2.24245548248291
2.1952948570251465
2.1502604484558105
2.2062878608703613
2.196939706802368
2.1610467433929443
2.1789283752441406
2.184183359146118
2.135960578918457
2.1338374614715576
2.173933982849121
2.172372817993164
2.1029398441314697
2.15160870552063
2.1334822177886963
2.125824451446533
2.1017568111419678
2.064751148223877
2.125959873199463
2.0769920349121094
2.0808956623077393
2.080636501312256
2.0500171184539795
2.1003496646881104
2.136392593383789
2.13010573387146
2.067122459411621
2.0682315826416016
2.0602896213531494
2.0629827976226807
2.0331239700317383
2.040529489517212
2.0992090702056885
2.058720827102661
2.04023814201355
2.0465712547302246
2.0010218620300293
2.0412070751190186
2.0449070930480957
2.039656162261963
2.0513079166412354
2.027665615081787
2.0309300422668457
2.000153064727783
1.9762699604034424
1.9899420738220215
1.9518694877624512
1.9710493087768555
1.985186219215393
1.9705615043640137
1.9606832265853882
1.9678733348846436
1.9837472438812256
1.9568376541137695
1.9489219188690186
1.957675576210022
1.928727626800537
1.9737540483474731
2.0103919506073
1.9703348875045776
1.9704560041427612
1.9306986331939697
1.9747258424758911
1.9538079500198364
1.9708163738250732
1.9872348308563232
1.9557241201400757
1.9308500289916992
1.9585264921188354
1.9543309211730957
1.948099970817566
1.9149013757705688
1.8989142179489136
1.9233791828155518
1.942331314086914
1.9595648050308228
1.946808934211731
1.9609625339508057
1.9817184209823608
1.9444677829742432
1.9579463005065918
1.8776301145553589
1.9660325050354004
1.8861185312271118
1.9514720439910889
1.9262796640396118
1.8769235610961914
1.873458743095398
1.843185305595398
1.818929672241211
1.9323781728744507
1.9132674932479858
1.8655359745025635
1.9011085033416748
1.8465765714645386
1.9028338193893433
1.8485361337661743
1.7861524820327759
1.8772826194763184
1.834281086921692
1.8935651779174805
1.8729848861694336
1.8705519437789917
1.8507715463638306
1.8573288917541504
1.8671791553497314
1.8567901849746704
1.8396443128585815
1.80372953414917
1.7940747737884521
1.7930854558944702
1.8393237590789795
1.8754528760910034
1.9035547971725464
1.8854230642318726
1.8859974145889282
1.8883918523788452
1.9175876379013062
1.9295599460601807
1.8863712549209595
1.8105233907699585
1.8797913789749146
1.8276888132095337
1.8804974555969238
1.9111284017562866
1.8271139860153198
1.8556970357894897
1.8716368675231934
1.8548362255096436
1.7969963550567627
1.832069754600525
1.8137155771255493
1.8368881940841675
1.7657326459884644
1.804767370223999
1.8530925512313843
1.8920977115631104
1.8344861268997192
1.8454148769378662
1.7918018102645874
1.810324788093567
1.7600429058074951
1.7856082916259766
1.8120805025100708
1.790847897529602
1.7456135749816895
1.8060065507888794
1.8096964359283447
1.7464518547058105
1.7705808877944946
1.7728337049484253
1.8335371017456055
1.8310678005218506
1.8294878005981445
1.8173668384552002
1.8090015649795532
1.835814356803894
1.7956340312957764
1.825623869895935
1.8311797380447388
1.7984176874160767
1.797878623008728
1.8280580043792725
1.7441002130508423
1.7757019996643066
1.7981268167495728
1.7907512187957764
1.7695668935775757
1.8087078332901
1.7980506420135498
1.8177098035812378
1.7444849014282227
1.7487627267837524
1.7326149940490723
1.7935771942138672
1.7964526414871216
1.768891453742981
1.7330468893051147
1.725621223449707
1.7427034378051758
1.8071839809417725
1.810681939125061
1.7751281261444092
1.7024034261703491
1.7177623510360718
1.774267315864563
1.7609822750091553
1.7307815551757812
1.7122901678085327
1.7061059474945068
1.7011789083480835
1.6682027578353882
1.7102208137512207
1.7834727764129639
1.7137588262557983
1.6649161577224731
1.7560697793960571
1.7256077527999878
1.6962683200836182
1.6353591680526733
1.7504713535308838
1.7604447603225708
1.6612695455551147
1.7012999057769775
1.7227132320404053
1.7250170707702637
1.77877938747406
1.7126966714859009
1.7176986932754517
1.740591287612915
1.7853983640670776
1.7292078733444214
1.7038235664367676
1.7155734300613403
1.7031385898590088
1.7499998807907104
1.7065777778625488
1.7299153804779053
1.696976900100708
1.6819560527801514
1.696326494216919
1.7159955501556396
1.7191369533538818
1.6999411582946777
1.6799596548080444
1.627724051475525
1.7074073553085327
1.7193183898925781
1.6722657680511475
1.649105191230774
1.6933395862579346
1.6513351202011108
1.7215126752853394
1.6724426746368408
1.6243773698806763
1.672253131866455
1.644200086593628
1.6854877471923828
1.6379303932189941
1.6648706197738647
1.6621017456054688
1.6733999252319336
1.5958623886108398
1.6850223541259766
1.6973488330841064
1.6792923212051392
1.6866925954818726
1.6992398500442505
1.6795861721038818
1.7215116024017334
1.677717924118042
1.6633493900299072
1.697534441947937
1.653487205505371
1.703356146812439
1.6683961153030396
1.6262511014938354
1.6788856983184814
1.6863117218017578
1.6499948501586914
1.702436923980713
1.6188751459121704
1.6134485006332397
1.6435647010803223
1.7115947008132935
1.6958965063095093
1.7557663917541504
1.682204246520996
1.6209840774536133
1.6653426885604858
1.725867748260498
1.7213878631591797
1.7369019985198975
1.699255347251892
1.7539139986038208
1.7081726789474487
1.731670618057251
1.7473042011260986
1.678640604019165
1.7296197414398193
1.65086829662323
1.6955249309539795
1.7035140991210938
1.6850701570510864
1.6981699466705322
1.6803133487701416
1.6630805730819702
1.6770485639572144
1.7564218044281006
1.6676393747329712
1.6543604135513306
1.601521611213684
1.7084972858428955
1.6450040340423584
1.6919435262680054
1.629388451576233
1.6622604131698608
1.6524839401245117
1.6663055419921875
1.6478246450424194
1.631459355354309
1.6613577604293823
1.6240410804748535
1.6921498775482178
1.6012413501739502
1.672607421875
1.657971739768982
1.6763217449188232
1.6391810178756714
1.5617108345031738
1.7250616550445557
1.654450535774231
1.5792953968048096
1.6594945192337036
1.576928734779358
1.5866819620132446
1.605307698249817
1.5874568223953247
1.6215146780014038
1.591216802597046
1.6232558488845825
1.6025018692016602
1.6588506698608398
1.5817584991455078
1.6291632652282715
1.5712807178497314
1.6350873708724976
1.6080951690673828
1.5854401588439941
1.583709955215454
1.626765251159668
1.55880606174469
1.5641173124313354
1.6592432260513306
1.6882320642471313
1.7375963926315308
1.6831605434417725
1.696476697921753
1.7089022397994995
1.6868352890014648
1.7299739122390747
1.6754035949707031
1.6750257015228271
1.7065649032592773
1.6659950017929077
1.70966637134552
1.6693217754364014
1.6210914850234985
1.6874048709869385
1.6938080787658691
1.6625679731369019
1.7178587913513184
1.6222031116485596
1.620349407196045
1.6483287811279297
1.7186204195022583
1.7079992294311523
1.7509267330169678
1.6883033514022827
1.6269850730895996
1.677817463874817
1.72857666015625
1.7262375354766846
1.7458412647247314
1.7032095193862915
1.756421446800232
1.7098356485366821
1.7538012266159058
1.7421573400497437
1.6828534603118896
1.7347285747528076
1.661566138267517
1.691209077835083
1.6827641725540161
1.6927553415298462
1.6894084215164185
1.6865699291229248
1.6619077920913696
1.6714680194854736
1.7692084312438965
1.6672091484069824
1.6554880142211914
1.6117148399353027
1.7083899974822998
1.6528836488723755
1.6968510150909424
1.6338965892791748
1.6654832363128662
1.6564905643463135
1.662639856338501
1.6523796319961548
1.6350734233856201
1.6663378477096558
1.619144320487976
1.6847765445709229
1.6058149337768555
1.666111946105957
1.6570450067520142
1.675699234008789
1.6387465000152588
1.5718553066253662
1.7171833515167236
1.6497242450714111
1.5722601413726807
1.674437165260315
1.5818626880645752
1.5906046628952026
1.6085399389266968
1.586125135421753
1.6178745031356812
1.5876163244247437
1.6237610578536987
1.6034716367721558
1.6651071310043335
1.5767792463302612
1.6433554887771606
1.5717363357543945
1.6430330276489258
1.6020195484161377
1.5981725454330444
1.573853850364685
1.6336420774459839
1.5727282762527466
1.565990924835205
1.6644606590270996
1.6417946815490723
1.6176531314849854
1.6034919023513794
1.638052225112915
1.644607663154602
1.586941123008728
1.5995573997497559
1.6229033470153809
1.5796518325805664
1.6074235439300537
1.6394580602645874
1.6241745948791504
1.5574668645858765
1.602644443511963
1.6362560987472534
1.6158736944198608
1.6010760068893433
1.5554898977279663
1.5852636098861694
1.5686272382736206
1.6099246740341187
1.5879848003387451
1.5348916053771973
1.5923528671264648
1.6269587278366089
1.6379371881484985
1.599407434463501
1.6198890209197998
1.5964503288269043
1.5731730461120605
1.5591793060302734
1.5835834741592407
1.6367294788360596
1.6061809062957764
1.582077145576477
1.5745662450790405
1.5212628841400146
1.5871418714523315
1.5978405475616455
1.61388099193573
1.6109896898269653
1.6286218166351318
1.590470314025879
1.5169250965118408
1.5598175525665283
1.5520471334457397
1.5150394439697266
1.5591576099395752
1.5769977569580078
1.5412087440490723
1.5272552967071533
1.5656440258026123
1.5820198059082031
1.5553560256958008
1.5303255319595337
1.5312477350234985
1.5311371088027954
1.58537757396698
1.5956037044525146
1.5695265531539917
1.5783250331878662
1.5530502796173096
1.6043627262115479
1.5656987428665161
1.5764251947402954
1.5865598917007446
1.5725444555282593
1.543138027191162
1.6129014492034912
1.579676866531372
1.5701106786727905
1.513156533241272
1.5431709289550781
1.5830947160720825
1.605034589767456
1.6119192838668823
1.601659893989563
1.5868269205093384
1.634018063545227
1.6019561290740967
1.636984944343567
1.5250591039657593
1.6126224994659424
1.5583633184432983
1.6234732866287231
1.6003886461257935
1.5410188436508179
1.5437370538711548
1.5119904279708862
1.4748930931091309
1.5719053745269775
1.5566518306732178
1.5433622598648071
1.5747712850570679
1.5426795482635498
1.573633074760437
1.5330289602279663
1.4789345264434814
1.5610238313674927
1.5270670652389526
1.567614197731018
1.5550730228424072
1.558437466621399
1.5434322357177734
1.5614662170410156
1.5662060976028442
1.5626367330551147
1.5446717739105225
1.4973944425582886
1.4891014099121094
1.4938368797302246
1.5600626468658447
1.588533878326416
1.6068204641342163
1.601068139076233
1.6071120500564575
1.5990360975265503
1.6310518980026245
1.6339243650436401
1.5998315811157227
1.51551353931427
1.586719274520874
1.5329195261001587
1.623939037322998
1.6022316217422485
1.5547552108764648
1.5812805891036987
1.5885595083236694
1.5564178228378296
1.5283558368682861
1.5429465770721436
1.539297103881836
1.5749315023422241
1.5105063915252686
1.5275769233703613
1.5778168439865112
1.6093167066574097
1.5527948141098022
1.5894255638122559
1.5206100940704346
1.5390334129333496
1.4978126287460327
1.5044431686401367
1.5478436946868896
1.542052984237671
1.4866971969604492
1.556252360343933
1.5474859476089478
1.4778170585632324
1.5179623365402222
1.5425634384155273
1.573248267173767
1.5759062767028809
1.5509499311447144
1.552756905555725
1.5400718450546265
1.5888941287994385
1.5569483041763306
1.5829726457595825
1.593281865119934
1.5391325950622559
1.5494168996810913
1.5907601118087769
1.5022834539413452
1.5168935060501099
1.558975338935852
1.5461690425872803
1.5457727909088135
1.5730233192443848
1.549367904663086
1.5770536661148071
1.4988867044448853
1.499909520149231
1.5059055089950562
1.5680705308914185
1.568027377128601
1.5296127796173096
1.5021183490753174
1.5124729871749878
1.5462334156036377
1.5800234079360962
1.5776854753494263
1.5474128723144531
1.4789220094680786
1.5065659284591675
1.5415738821029663
1.5526617765426636
1.510900616645813
1.4784470796585083
1.4986649751663208
1.484342098236084
1.4814144372940063
1.48348867893219
1.5938252210617065
1.4894863367080688
1.4632184505462646
1.5405142307281494
1.5176957845687866
1.49895179271698
1.4331239461898804
1.5355467796325684
1.5454862117767334
1.457578420639038
1.483370065689087
1.5194697380065918
1.5116539001464844
1.5740904808044434
1.5168309211730957
1.5275189876556396
1.522729754447937
1.5917271375656128
1.5244810581207275
1.4994171857833862
1.4895944595336914
1.4934545755386353
1.5472593307495117
1.507505178451538
1.54679536819458
1.4972988367080688
1.4768807888031006
1.5073144435882568
1.4977763891220093
1.4990164041519165
1.4786584377288818
1.4894678592681885
1.4310839176177979
1.513795256614685
1.5324100255966187
1.4772999286651611
1.4626256227493286
1.4916917085647583
1.4437463283538818
1.5335394144058228
1.4664191007614136
1.4293826818466187
1.4939944744110107
1.4747400283813477
1.5088564157485962
1.4565362930297852
1.4822189807891846
1.4947432279586792
1.508808970451355
1.4589112997055054
1.488806128501892
1.4934864044189453